20424
20384
20344
20304
20264
20224
20184
20144
20104
20064
20024
19984
19944
19904
19864
19824
19784
19744
19704
19664
19624
19584
19544
19504
19464
19424
19384
19344
19304
19264
19224
19184
19144
19104
19064
19024
18984
18944
18904
18864
18824
18784
18744
18704
18664
18624
18584
18544
18504
18464
18424
18384
18344
18304
18264
18224
18184
18144
18104
18064
18024
17984
17944
17904
17864
17824
17784
17744
17704
17664
17624
17584
17544
17504
17464
17424
17384
17344
17304
17264
17224
17184
17144
17104
17064
17024
16984
16944
16904
16864
16824
16784
16744
16704
16664
16624
16584
16544
16504
16464
